40 70
20 60
50 70
-20 50
40 70
-10 30
40 70
0 40
-10 40
-10 40
-10 40
-30 20
0 40
40 70
40 70
10 50
20 60
30 60
20 70
-20 30
40 70
10 50
-30 50
-60 -50
20 60
40 70
30 70
-30 40
40 70
20 60
30 60
-20 40
-20 40
-20 30
-30 20
-20 30
-60 -50
0 40
40 70
0 70
0 40
-10 30
-10 40
10 50
40 70
10 70
-60 -50
40 70
10 50
40 70
20 60
-10 40
0 30
-20 30
40 70
-10 60
10 50
30 60
40 70
-20 30
50 70
40 70
20 60
10 50
-10 40
20 70
30 60
-20 30
40 70
40 70
40 70
-10 30
40 70
-10 40
40 70
-30 20
40 60
-10 40
0 40
40 70
30 60
40 70
40 70
30 60
10 60
-60 -50
40 70
-40 60
40 60
40 70
-20 30
-30 20
20 60
-30 10
20 50
-60 -50
-30 20
-30 60
0 40
40 70
-20 30
0 30
0 40
20 70
30 60
30 70
10 50
40 70
20 60
-10 40
0 30
-10 30
0 40
-30 40
0 40
-20 30
-20 30
0 40
30 60
-60 -50
40 70
